1,8888
1,1001
1,1003
1,1004
1,1005
1,1006
1,1007
1,1008
1,1009
1,1010
1,1011
1,1012
1,1013
1,1014
1,1015
1,1016
1,1017
1,1018
1,1019
1,1020
1,1021
1,1022
1,1023
1,1025
1,1026
1,1027
1,1028
1,1029
1,1030
1,1031
1,1032
1,1033
1,1034
1,1035
1,1036
1,1037
1,1038
1,1088
1,1101
1,1102
1,1103
1,1104
1,1105
1,1106
1,1107
1,1108
1,1109
1,1110
1,1111
1,1112
1,1113
1,1114
1,1115
1,1116
1,1117
1,1118
1,1119
1,1120
1,1121
1,1122
1,1123
1,1125
1,1126
1,1127
1,1128
1,1129
1,1130
1,1131
1,1132
1,1133
1,1134
1,1135
1,1136
1,1137
1,1138
1,1188
1,1201
1,1202
1,1203
1,1204
1,1205
1,1206
1,1207
1,1208
1,1209
1,1210
1,1211
1,1212
1,1213
1,1214
1,1215
1,1216
1,1217
1,1218
1,1219
1,1220
1,1221
1,1222
1,1223
1,1225
1,1226
1,1227
1,1228
1,1229
1,1230
1,1231
1,1232
1,1233
1,1234
1,1235
1,1236
1,1237
1,1238
1,1288
1,1301
1,1302
1,1303
1,1304
1,1305
1,1306
1,1307
1,1308
1,1309
1,1310
1,1311
1,1312
1,1313
1,1314
1,1315
1,1316
1,1317
1,1318
1,1319
1,1320
1,1321
1,1322
1,1323
1,1325
1,1326
1,1327
1,1328
1,1329
1,1330
1,1331
1,1332
1,1333
1,1388
1,1401
1,1402
1,1403
1,1405
1,1406
1,1407
1,1408
1,1410
1,1411
1,1412
1,1413
1,1415
1,1416
1,1417
1,1419
1,1421
1,1423
1,1425
1,1426
1,1427
1,1428
1,1430
1,1432
1,1488
1,1501
1,1502
1,1503
1,1505
1,1506
1,1507
1,1508
1,1509
1,1510
1,1511
1,1512
1,1513
1,1514
1,1515
1,1516
1,1517
1,1518
1,1519
1,1520
1,1521
1,1522
1,1523
1,1525
1,1526
1,1527
1,1528
1,1530
1,1532
1,1588
1,1601
1,1602
1,1603
1,1605
1,1606
1,1607
1,1608
1,1609
1,1610
1,1611
1,1612
1,1613
1,1614
1,1615
1,1616
1,1617
1,1618
1,1619
1,1620
1,1621
1,1622
1,1623
1,1625
1,1626
1,1628
1,1629
1,1688
1,1701
1,1702
1,1703
1,1704
1,1705
1,1706
1,1707
1,1708
1,1709
1,1710
1,1711
1,1712
1,1713
1,1714
1,1715
1,1716
1,1717
1,1718
1,1719
1,1720
1,1721
1,1722
1,1723
1,1725
1,1726
1,1727
1,1728
1,1729
1,1788
1,1801
1,1802
1,1803
1,1804
1,1805
1,1806
1,1818
1,1828
1,1888
1,1901
1,1902
1,1903
1,1904
1,1905
1,1906
1,1908
1,1909
1,1910
1,1912
1,1918
1,1988
1,401
1,402
1,403
1,404
1,405
1,406
1,407
1,408
1,409
1,410
1,411
1,412
1,413
1,414
1,415
1,416
1,417
1,418
1,419
1,420
1,422
1,488
1,501
1,502
1,503
1,504
1,505
1,506
1,507
1,508
1,509
1,510
1,511
1,512
1,513
1,514
1,515
1,516
1,517
1,518
1,519
1,520
1,521
1,522
1,523
1,525
1,526
1,527
1,528
1,529
1,530
1,531
1,532
1,533
1,534
1,535
1,536
1,537
1,538
1,588
1,601
1,602
1,603
1,604
1,605
1,606
1,607
1,608
1,609
1,610
1,611
1,612
1,613
1,614
1,615
1,616
1,617
1,618
1,620
1,621
1,622
1,623
1,625
1,626
1,627
1,628
1,629
1,630
1,631
1,632
1,633
1,634
1,635
1,636
1,637
1,638
1,688
1,701
1,702
1,703
1,704
1,705
1,706
1,707
1,708
1,709
1,710
1,711
1,712
1,713
1,714
1,715
1,716
1,717
1,718
1,719
1,720
1,721
1,722
1,723
1,725
1,726
1,727
1,728
1,729
1,730
1,731
1,732
1,733
1,734
1,735
1,736
1,738
1,788
1,801
1,802
1,803
1,804
1,805
1,806
1,807
1,808
1,809
1,810
1,811
1,812
1,813
1,814
1,815
1,816
1,817
1,818
1,819
1,820
1,821
1,822
1,823
1,825
1,826
1,827
1,828
1,829
1,830
1,831
1,832
1,833
1,834
1,835
1,836
1,837
1,838
1,888
1,901
1,902
1,903
1,904
1,905
1,906
1,907
1,908
1,909
1,910
1,911
1,912
1,913
1,914
1,915
1,916
1,917
1,918
1,919
1,920
1,921
1,922
1,923
1,925
1,926
1,927
1,928
1,929
1,930
1,931
1,932
1,933
1,934
1,935
1,936
1,937
1,938
1,988
2,8888
2,1001
2,1003
2,1004
2,1005
2,1006
2,1007
2,1008
2,1009
2,1010
2,1011
2,1012
2,1013
2,1014
2,1015
2,1016
2,1017
2,1018
2,1019
2,1020
2,1021
2,1022
2,1023
2,1025
2,1026
2,1027
2,1028
2,1029
2,1030
2,1031
2,1032
2,1033
2,1034
2,1035
2,1036
2,1037
2,1038
2,1088
2,1101
2,1102
2,1103
2,1104
2,1105
2,1106
2,1107
2,1108
2,1109
2,1110
2,1111
2,1112
2,1113
2,1114
2,1115
2,1116
2,1117
2,1118
2,1119
2,1120
2,1121
2,1122
2,1123
2,1125
2,1126
2,1127
2,1128
2,1129
2,1130
2,1131
2,1132
2,1133
2,1134
2,1135
2,1136
2,1137
2,1138
2,1188
2,1201
2,1202
2,1203
2,1204
2,1205
2,1206
2,1207
2,1208
2,1209
2,1210
2,1211
2,1212
2,1213
2,1214
2,1215
2,1216
2,1217
2,1218
2,1219
2,1220
2,1221
2,1222
2,1223
2,1225
2,1226
2,1227
2,1228
2,1229
2,1230
2,1231
2,1232
2,1233
2,1234
2,1235
2,1236
2,1237
2,1238
2,1288
2,1301
2,1302
2,1303
2,1304
2,1305
2,1306
2,1307
2,1308
2,1309
2,1310
2,1311
2,1312
2,1313
2,1314
2,1315
2,1316
2,1317
2,1318
2,1319
2,1320
2,1321
2,1322
2,1323
2,1325
2,1326
2,1327
2,1328
2,1329
2,1330
2,1331
2,1332
2,1333
2,922
2,923
2,925
2,926
2,927
2,928
2,929
2,930
2,931
2,932
2,933
2,934
2,935
2,936
2,937
2,938
2,988
1,19楼总房卡
1,14楼总房卡
1,12-19楼总卡
1,7楼总房卡
1,1002房卡
1,行李房
1,虚拟电梯房
1,8-11楼查房卡
1,17楼总房卡
1,10-11楼清洁卡
1,8楼总房卡
1,8-11楼仓管卡
1,15-19楼总卡
1,16-19楼查房卡
1,16-19楼仓管卡
1,12楼总房卡
1,14-15楼清洁卡
1,4-7楼查房卡
1,5、10楼新工作间
1,11-12楼新工作间
1,5楼特殊总房卡
1,4-11楼总卡
1,8-10楼综合清洁卡
1,11-13楼综合清洁卡
1,9楼总房卡
1,12-13楼清洁卡
1,4楼棋牌室
1,10-14楼总卡
1,12-15楼查房卡
1,4楼总房卡
1,6-7楼清洁卡
1,3楼总房卡
1,15楼总房卡
1,13-14楼清洁卡
1,18-19楼清洁卡
1,18楼总房卡
1,6楼总房卡
1,13楼总房卡
1,5楼总房卡
1,12-15楼仓管卡
1,15-16楼清洁卡
1,11楼总房卡
1,16-17楼清洁卡
1,7-8楼清洁卡
1,5-6楼清洁卡
1,4-5楼清洁卡
1,4-7楼仓管卡
1,17-19楼综合清洁卡
1,10楼总房卡
1,14-16楼综合清洁卡
1,4楼长租房
1,9-10楼清洁卡
1,4-19楼总卡
1,16楼总房卡
1,8-9楼清洁卡
1,5-6楼新工作间
1,4-9楼总卡
1,11-12楼清洁卡
1,4-19楼总仓管
2,19楼总房卡
2,14楼总房卡
2,12-19楼总卡
2,7楼总房卡
2,1002房卡
2,行李房
2,虚拟电梯房
2,8-11楼查房卡
2,17楼总房卡
2,10-11楼清洁卡
2,8楼总房卡
2,8-11楼仓管卡
2,15-19楼总卡
2,16-19楼查房卡
2,16-19楼仓管卡
2,12楼总房卡
2,14-15楼清洁卡
2,4-7楼查房卡
2,5、10楼新工作间
2,11-12楼新工作间
2,5楼特殊总房卡
2,4-11楼总卡
2,8-10楼综合清洁卡
2,11-13楼综合清洁卡
2,9楼总房卡
2,12-13楼清洁卡
2,4楼棋牌室
2,10-14楼总卡
2,12-15楼查房卡
2,4楼总房卡
2,6-7楼清洁卡
2,3楼总房卡
2,15楼总房卡
2,13-14楼清洁卡
2,18-19楼清洁卡
2,18楼总房卡
2,6楼总房卡
2,13楼总房卡
2,5楼总房卡
2,12-15楼仓管卡
2,15-16楼清洁卡
2,11楼总房卡
2,16-17楼清洁卡
2,7-8楼清洁卡
2,5-6楼清洁卡
2,4-5楼清洁卡
2,4-7楼仓管卡
2,17-19楼综合清洁卡
2,10楼总房卡
2,14-16楼综合清洁卡
2,4楼长租房
2,9-10楼清洁卡
2,4-19楼总卡
2,16楼总房卡
2,8-9楼清洁卡
2,5-6楼新工作间
2,4-9楼总卡
2,11-12楼清洁卡
2,4-19楼总仓管
2,1388
2,1401
2,1402
2,1403
2,1405
2,1406
2,1407
2,1408
2,1410
2,1411
2,1412
2,1413
2,1415
2,1416
2,1417
2,1419
2,1421
2,1423
2,1425
2,1426
2,1427
2,1428
2,1430
2,1432
2,1488
2,1501
2,1502
2,1503
2,1505
2,1506
2,1507
2,1508
2,1509
2,1510
2,1511
2,1512
2,1513
2,1514
2,1515
2,1516
2,1517
2,1518
2,1519
2,1520
2,1521
2,1522
2,1523
2,1525
2,1526
2,1527
2,1528
2,1530
2,1532
2,1588
2,1601
2,1602
2,1603
2,1605
2,1606
2,1607
2,1608
2,1609
2,1610
2,1611
2,1612
2,1613
2,1614
2,1615
2,1616
2,1617
2,1618
2,1619
2,1620
2,1621
2,1622
2,1623
2,1625
2,1626
2,1628
2,1629
2,1688
2,1701
2,1702
2,1703
2,1704
2,1705
2,1706
2,1707
2,1708
2,1709
2,1710
2,1711
2,1712
2,1713
2,1714
2,1715
2,1716
2,1717
2,1718
2,1719
2,1720
2,1721
2,1722
2,1723
2,1725
2,1726
2,1727
2,1728
2,1729
2,1788
2,1801
2,1802
2,1803
2,1804
2,1805
2,1806
2,1818
2,1828
2,1888
2,1901
2,1902
2,1903
2,1904
2,1905
2,1906
2,1908
2,1909
2,1910
2,1912
2,1918
2,1988
2,401
2,402
2,403
2,404
2,405
2,406
2,407
2,408
2,409
2,410
2,411
2,412
2,413
2,414
2,415
2,416
2,417
2,418
2,419
2,420
2,422
2,488
2,501
2,502
2,503
2,504
2,505
2,506
2,507
2,508
2,509
2,510
2,511
2,512
2,513
2,514
2,515
2,516
2,517
2,518
2,519
2,520
2,521
2,522
2,523
2,525
2,526
2,527
2,528
2,529
2,530
2,531
2,532
2,533
2,534
2,535
2,536
2,537
2,538
2,588
2,601
2,602
2,603
2,604
2,605
2,606
2,607
2,608
2,609
2,610
2,611
2,612
2,613
2,614
2,615
2,616
2,617
2,618
2,620
2,621
2,622
2,623
2,625
2,626
2,627
2,628
2,629
2,630
2,631
2,632
2,633
2,634
2,635
2,636
2,637
2,638
2,688
2,701
2,702
2,703
2,704
2,705
2,706
2,707
2,708
2,709
2,710
2,711
2,712
2,713
2,714
2,715
2,716
2,717
2,718
2,719
2,720
2,721
2,722
2,723
2,725
2,726
2,727
2,728
2,729
2,730
2,731
2,732
2,733
2,734
2,735
2,736
2,738
2,788
2,801
2,802
2,803
2,804
2,805
2,806
2,807
2,808
2,809
2,810
2,811
2,812
2,813
2,814
2,815
2,816
2,817
2,818
2,819
2,820
2,821
2,822
2,823
2,825
2,826
2,827
2,828
2,829
2,830
2,831
2,832
2,833
2,834
2,835
2,836
2,837
2,838
2,888
2,901
2,902
2,903
2,904
2,905
2,906
2,907
2,908
2,909
2,910
2,911
2,912
2,913
2,914
2,915
2,916
2,917
2,918
2,919
2,920
2,921
